1.599600028991699219e+01 5.729100036621093750e+01 2.725000000000000000e+01
1.675499916076660156e+01 5.437500000000000000e+01 2.492900085449218750e+01
1.517099952697753906e+01 5.116699981689453125e+01 2.376399993896484375e+01
1.686499977111816406e+01 4.864500045776367188e+01 2.148399925231933594e+01
1.489400005340576172e+01 4.764899826049804688e+01 1.835899925231933594e+01
1.559599971771240234e+01 4.515100097656250000e+01 1.561800003051757812e+01
1.465299987792968750e+01 4.652799987792968750e+01 1.217500019073486328e+01
1.432400035858154297e+01 4.370399856567382812e+01 9.654000282287597656e+00
1.415400028228759766e+01 4.454700088500976562e+01 5.972000122070312500e+00
1.357299995422363281e+01 4.219699859619140625e+01 3.029999971389770508e+00
1.520499992370605469e+01 4.464899826049804688e+01 6.029999852180480957e-01
1.793300056457519531e+01 4.625299835205078125e+01 2.756999969482421875e+00
2.035400009155273438e+01 4.561199951171875000e+01 5.640999794006347656e+00
1.877099990844726562e+01 4.455500030517578125e+01 8.875000000000000000e+00
1.982099914550781250e+01 4.675199890136718750e+01 1.176399993896484375e+01
1.969799995422363281e+01 4.665700149536132812e+01 1.551700019836425781e+01
1.936899948120117188e+01 5.035300064086914062e+01 1.683799934387207031e+01
1.920499992370605469e+01 5.190499877929687500e+01 2.028000068664550781e+01
1.703700065612792969e+01 5.492100143432617188e+01 1.989299964904785156e+01
1.540999984741210938e+01 5.749499893188476562e+01 2.217499923706054688e+01
1.177600002288818359e+01 5.686899948120117188e+01 2.293199920654296875e+01
1.107199954986572266e+01 6.056100082397460938e+01 2.235300064086914062e+01
1.204300022125244141e+01 6.014899826049804688e+01 1.869599914550781250e+01
9.178000450134277344e+00 5.982500076293945312e+01 1.630699920654296875e+01
8.704999923706054688e+00 5.679600143432617188e+01 1.410400009155273438e+01
9.793000221252441406e+00 5.903599929809570312e+01 1.121100044250488281e+01
1.295600032806396484e+01 5.990599822998046875e+01 1.315600013732910156e+01
1.358699989318847656e+01 5.615499877929687500e+01 1.364700031280517578e+01
1.326299953460693359e+01 5.565700149536132812e+01 9.895000457763671875e+00
1.558600044250488281e+01 5.856100082397460938e+01 9.142999649047851562e+00
1.818700027465820312e+01 5.711800003051757812e+01 1.154399967193603516e+01
1.782900047302246094e+01 5.364199829101562500e+01 1.004199981689453125e+01
1.842799949645996094e+01 5.514799880981445312e+01 6.611999988555908203e+00
2.159499931335449219e+01 5.703200149536132812e+01 7.591000080108642578e+00
2.294599914550781250e+01 5.395600128173828125e+01 9.418000221252441406e+00
2.249200057983398438e+01 5.160100173950195312e+01 6.458000183105468750e+00
2.317099952697753906e+01 5.437200164794921875e+01 3.874000072479248047e+00
1.991300010681152344e+01 5.421300125122070312e+01 1.925999999046325684e+00
1.800600051879882812e+01 5.728499984741210938e+01 8.759999871253967285e-01
1.520800018310546875e+01 5.843000030517578125e+01 3.188999891281127930e+00
1.182699966430664062e+01 5.873799896240234375e+01 1.490000009536743164e+00
8.314000129699707031e+00 5.948099899291992188e+01 2.700999975204467773e+00
7.001999855041503906e+00 5.612400054931640625e+01 1.463999986648559570e+00
9.192000389099121094e+00 5.399000167846679688e+01 3.724999904632568359e+00
7.022999763488769531e+00 5.246900177001953125e+01 6.447999954223632812e+00
7.539000034332275391e+00 5.044499969482421875e+01 9.607000350952148438e+00
5.243000030517578125e+00 4.751599884033203125e+01 1.041499996185302734e+01
4.861000061035156250e+00 4.622600173950195312e+01 1.394600009918212891e+01
2.878999948501586914e+00 4.304800033569335938e+01 1.450899982452392578e+01
1.097000002861022949e+00 4.336500167846679688e+01 1.125500011444091797e+01
2.549999952316284180e-01 4.706299972534179688e+01 1.173499965667724609e+01
1.654000043869018555e+00 5.027000045776367188e+01 1.016300010681152344e+01
3.292000055313110352e+00 5.257600021362304688e+01 1.269099998474121094e+01
2.252000093460083008e+00 5.622499847412109375e+01 1.243000030517578125e+01
5.355000019073486328e+00 5.820500183105468750e+01 1.138099956512451172e+01
4.254000186920166016e+00 6.115700149536132812e+01 1.348099994659423828e+01
3.940999984741210938e+00 5.924300003051757812e+01 1.677099990844726562e+01
6.732999801635742188e+00 5.927899932861328125e+01 1.930900001525878906e+01
8.125000000000000000e+00 5.579800033569335938e+01 1.988800048828125000e+01
6.980999946594238281e+00 5.609600067138671875e+01 2.351099967956542969e+01
3.375000000000000000e+00 5.660400009155273438e+01 2.232999992370605469e+01
3.397000074386596680e+00 5.333800125122070312e+01 2.039599990844726562e+01
3.355999946594238281e+00 4.988899993896484375e+01 2.195199966430664062e+01
7.026999950408935547e+00 4.929700088500976562e+01 2.114100074768066406e+01
9.159999847412109375e+00 4.803900146484375000e+01 2.395999908447265625e+01
1.278999996185302734e+01 4.724100112915039062e+01 2.442799949645996094e+01
1.402900028228759766e+01 4.434999847412109375e+01 2.223200035095214844e+01
1.096300029754638672e+01 4.447999954223632812e+01 1.998399925231933594e+01
1.126700019836425781e+01 4.387699890136718750e+01 1.627799987792968750e+01
9.758999824523925781e+00 4.575400161743164062e+01 1.335400009155273438e+01
9.715999603271484375e+00 4.533499908447265625e+01 9.583000183105468750e+00
1.096800041198730469e+01 4.804499816894531250e+01 7.243000030517578125e+00
8.866000175476074219e+00 4.823899841308593750e+01 4.045000076293945312e+00
1.053899955749511719e+01 5.025899887084960938e+01 1.302999973297119141e+00
