   0,   5.08253e+07 
   1,   3.35381e+07 
   2,   2.16297e+07 
   3,   1.37766e+07 
   4,   8.60549e+06 
   5,   5.12510e+06 
   6,   2.90876e+06 
   7,   1.63329e+06 
   8,   8.98866e+05 
   9,   6.89581e+05 
  10,   4.70552e+05 
  11,   2.66494e+05 
  12,   1.75077e+05 
  13,   8.51511e+04 
  14,   7.07201e+04 
  15,   5.03019e+04 
  16,   1.04217e+04 
  17,   9.57272e+03 
  18,   4.10636e+03 
  21,   2.91051e+03 
  22,   2.18664e+03 
  23,   8.74179e+02 
  24,   3.41497e+02 
  25,  -1.03706e+03 
  26,  -4.70890e+03 
  28,  -5.20056e+03 
  29,  -5.56254e+03 
  30,  -6.34294e+03 
  31,  -6.55408e+03 
  32,  -7.10951e+03 
  34,  -8.16233e+03 
  35,  -8.26726e+03 
  36,  -8.50478e+03 
  37,  -8.76946e+03 
  39,  -9.02031e+03 
  40,  -9.38397e+03 
  41,  -9.75214e+03 
  42,  -9.81600e+03 
  44,  -9.99641e+03 
  45,  -1.00169e+04 
  46,  -1.03681e+04 
  47,  -1.06941e+04 
  48,  -1.08904e+04 
  50,  -1.15305e+04 
  52,  -1.18423e+04 
  53,  -1.19645e+04 
  54,  -1.20528e+04 
  56,  -1.21608e+04 
  57,  -1.22958e+04 
  59,  -1.23632e+04 
  60,  -1.24477e+04 
  61,  -1.25007e+04 
  62,  -1.25321e+04 
  63,  -1.26563e+04 
  64,  -1.27402e+04 
  66,  -1.28375e+04 
  67,  -1.28708e+04 
  68,  -1.29419e+04 
  70,  -1.30297e+04 
  72,  -1.31052e+04 
  73,  -1.31421e+04 
  74,  -1.32094e+04 
  75,  -1.32379e+04 
  77,  -1.33136e+04 
  78,  -1.33472e+04 
  79,  -1.34087e+04 
  81,  -1.34849e+04 
  82,  -1.35256e+04 
  83,  -1.35617e+04 
  85,  -1.36100e+04 
  86,  -1.36485e+04 
  87,  -1.36923e+04 
  88,  -1.37184e+04 
  89,  -1.37325e+04 
  90,  -1.37664e+04 
  92,  -1.38348e+04 
  93,  -1.38905e+04 
  94,  -1.39270e+04 
  95,  -1.39490e+04 
  97,  -1.40025e+04 
  98,  -1.40654e+04 
  99,  -1.40683e+04 
 100,  -1.41032e+04 
 101,  -1.41219e+04 
 103,  -1.41664e+04 
 105,  -1.42269e+04 
 106,  -1.42654e+04 
 107,  -1.43056e+04 
 108,  -1.43283e+04 
 109,  -1.43463e+04 
 110,  -1.43671e+04 
 112,  -1.44349e+04 
 113,  -1.44446e+04 
 114,  -1.44900e+04 
 115,  -1.45210e+04 
 117,  -1.45821e+04 
 118,  -1.45884e+04 
 119,  -1.46084e+04 
 121,  -1.46772e+04 
 123,  -1.47251e+04 
 124,  -1.47557e+04 
 125,  -1.47851e+04 
 126,  -1.48068e+04 
 128,  -1.48442e+04 
 129,  -1.48908e+04 
 130,  -1.49300e+04 
 132,  -1.49626e+04 
 133,  -1.49861e+04 
 134,  -1.50136e+04 
 135,  -1.50393e+04 
 136,  -1.50504e+04 
 137,  -1.50952e+04 
 139,  -1.51420e+04 
 140,  -1.51914e+04 
 141,  -1.52292e+04 
 143,  -1.52548e+04 
 144,  -1.52732e+04 
 145,  -1.52942e+04 
 147,  -1.53343e+04 
 148,  -1.53729e+04 
 149,  -1.54063e+04 
 151,  -1.54363e+04 
 152,  -1.54549e+04 
 153,  -1.54805e+04 
 154,  -1.54986e+04 
 155,  -1.55171e+04 
 156,  -1.55414e+04 
 158,  -1.55809e+04 
 159,  -1.56540e+04 
 160,  -1.56873e+04 
 161,  -1.57036e+04 
 162,  -1.57224e+04 
 164,  -1.57592e+04 
 165,  -1.57658e+04 
 166,  -1.58169e+04 
 168,  -1.58444e+04 
 169,  -1.58518e+04 
 170,  -1.58884e+04 
 172,  -1.59163e+04 
 173,  -1.59283e+04 
 174,  -1.59551e+04 
 175,  -1.59589e+04 
 176,  -1.59893e+04 
 177,  -1.59948e+04 
 179,  -1.60426e+04 
 181,  -1.60692e+04 
 182,  -1.60835e+04 
 183,  -1.61120e+04 
 184,  -1.61136e+04 
 185,  -1.61295e+04 
 186,  -1.61400e+04 
 188,  -1.61916e+04 
 190,  -1.62148e+04 
 191,  -1.62373e+04 
 192,  -1.62567e+04 
 193,  -1.62739e+04 
 194,  -1.62814e+04 
 195,  -1.63049e+04 
 197,  -1.63391e+04 
 198,  -1.63671e+04 
 199,  -1.64119e+04 
 200,  -1.64156e+04 
 202,  -1.64619e+04 
 203,  -1.64790e+04 
 205,  -1.65038e+04 
 207,  -1.65218e+04 
 208,  -1.65379e+04 
 209,  -1.65552e+04 
 210,  -1.65694e+04 
 211,  -1.65866e+04 
 212,  -1.65944e+04 
 213,  -1.66179e+04 
 215,  -1.66424e+04 
 216,  -1.66459e+04 
 217,  -1.66871e+04 
 219,  -1.67089e+04 
 220,  -1.67216e+04 
 221,  -1.67336e+04 
 222,  -1.67394e+04 
 224,  -1.67674e+04 
 226,  -1.67855e+04 
 227,  -1.67974e+04 
 228,  -1.68126e+04 
 229,  -1.68226e+04 
 230,  -1.68334e+04 
 231,  -1.68453e+04 
 233,  -1.68684e+04 
 234,  -1.68845e+04 
 235,  -1.69104e+04 
 237,  -1.69255e+04 
 238,  -1.69362e+04 
 239,  -1.69524e+04 
 240,  -1.69553e+04 
 241,  -1.69757e+04 
 243,  -1.69970e+04 
 244,  -1.70049e+04 
 245,  -1.70395e+04 
 246,  -1.70464e+04 
 247,  -1.70587e+04 
 249,  -1.70810e+04 
 250,  -1.70964e+04 
 251,  -1.71049e+04 
 253,  -1.71276e+04 
 254,  -1.71579e+04 
 255,  -1.71585e+04 
 256,  -1.71805e+04 
 257,  -1.71815e+04 
 258,  -1.71848e+04 
 259,  -1.71878e+04 
 261,  -1.72262e+04 
 262,  -1.72416e+04 
 264,  -1.72649e+04 
 265,  -1.72714e+04 
 266,  -1.72843e+04 
 267,  -1.72913e+04 
 269,  -1.73183e+04 
 270,  -1.73218e+04 
 271,  -1.73440e+04 
 272,  -1.73465e+04 
 274,  -1.73733e+04 
 275,  -1.73793e+04 
 276,  -1.73974e+04 
 278,  -1.74205e+04 
 279,  -1.74260e+04 
 280,  -1.74616e+04 
 282,  -1.74805e+04 
 283,  -1.74826e+04 
 284,  -1.75039e+04 
 286,  -1.75194e+04 
 287,  -1.75277e+04 
 288,  -1.75453e+04 
 289,  -1.75470e+04 
 290,  -1.75605e+04 
 292,  -1.75777e+04 
 293,  -1.75812e+04 
 294,  -1.75988e+04 
 296,  -1.76138e+04 
 297,  -1.76183e+04 
 298,  -1.76388e+04 
 300,  -1.76518e+04 
 301,  -1.76599e+04 
 302,  -1.76684e+04 
 303,  -1.76691e+04 
 304,  -1.76802e+04 
 306,  -1.77005e+04 
 308,  -1.77167e+04 
 309,  -1.77274e+04 
 310,  -1.77346e+04 
 311,  -1.77428e+04 
 312,  -1.77479e+04 
 313,  -1.77500e+04 
 314,  -1.77575e+04 
 316,  -1.77813e+04 
 318,  -1.77988e+04 
 319,  -1.78078e+04 
 320,  -1.78148e+04 
 321,  -1.78210e+04 
 322,  -1.78261e+04 
 324,  -1.78426e+04 
 325,  -1.78558e+04 
 326,  -1.78752e+04 
 327,  -1.78765e+04 
 328,  -1.78908e+04 
 330,  -1.79035e+04 
 332,  -1.79129e+04 
 333,  -1.79195e+04 
 334,  -1.79277e+04 
 335,  -1.79327e+04 
 336,  -1.79374e+04 
 337,  -1.79430e+04 
 339,  -1.79616e+04 
 340,  -1.79645e+04 
 341,  -1.79913e+04 
 343,  -1.80011e+04 
 344,  -1.80072e+04 
 345,  -1.80150e+04 
 347,  -1.80253e+04 
 348,  -1.80340e+04 
 349,  -1.80471e+04 
 350,  -1.80497e+04 
 351,  -1.80636e+04 
 353,  -1.80737e+04 
 354,  -1.80741e+04 
 355,  -1.80898e+04 
 357,  -1.80994e+04 
 358,  -1.81033e+04 
 359,  -1.81142e+04 
 360,  -1.81142e+04 
 361,  -1.81249e+04 
 363,  -1.81385e+04 
 364,  -1.81389e+04 
 365,  -1.81537e+04 
 367,  -1.81661e+04 
 368,  -1.81734e+04 
 369,  -1.81898e+04 
 371,  -1.81983e+04 
 372,  -1.82045e+04 
 373,  -1.82115e+04 
 374,  -1.82123e+04 
 375,  -1.82217e+04 
 377,  -1.82355e+04 
 379,  -1.82438e+04 
 380,  -1.82513e+04 
 381,  -1.82571e+04 
 382,  -1.82642e+04 
 383,  -1.82681e+04 
 384,  -1.82724e+04 
 385,  -1.82752e+04 
 387,  -1.82961e+04 
 389,  -1.83085e+04 
 390,  -1.83164e+04 
 391,  -1.83225e+04 
 392,  -1.83298e+04 
 393,  -1.83329e+04 
 394,  -1.83374e+04 
 395,  -1.83378e+04 
 397,  -1.83624e+04 
 399,  -1.83749e+04 
 400,  -1.83823e+04 
 401,  -1.83880e+04 
 402,  -1.83941e+04 
 403,  -1.83976e+04 
 404,  -1.83981e+04 
 405,  -1.84018e+04 
 407,  -1.84277e+04 
 409,  -1.84389e+04 
 410,  -1.84455e+04 
 411,  -1.84510e+04 
 412,  -1.84557e+04 
 413,  -1.84594e+04 
 415,  -1.84763e+04 
 416,  -1.84819e+04 
 417,  -1.85045e+04 
 419,  -1.85115e+04 
 420,  -1.85156e+04 
 421,  -1.85245e+04 
 423,  -1.85320e+04 
 424,  -1.85365e+04 
 425,  -1.85460e+04 
 427,  -1.85525e+04 
 428,  -1.85582e+04 
 429,  -1.85654e+04 
 430,  -1.85671e+04 
 431,  -1.85754e+04 
 433,  -1.85844e+04 
 434,  -1.85877e+04 
 435,  -1.86005e+04 
 437,  -1.86065e+04 
 438,  -1.86114e+04 
 439,  -1.86167e+04 
 440,  -1.86192e+04 
 441,  -1.86244e+04 
 443,  -1.86350e+04 
 444,  -1.86387e+04 
 445,  -1.86549e+04 
 447,  -1.86610e+04 
 448,  -1.86658e+04 
 449,  -1.86706e+04 
 450,  -1.86738e+04 
 451,  -1.86772e+04 
 453,  -1.86887e+04 
 454,  -1.86921e+04 
 455,  -1.87105e+04 
 457,  -1.87159e+04 
 458,  -1.87201e+04 
 459,  -1.87254e+04 
 460,  -1.87263e+04 
 461,  -1.87317e+04 
 463,  -1.87431e+04 
 465,  -1.87497e+04 
 466,  -1.87550e+04 
 467,  -1.87593e+04 
 468,  -1.87648e+04 
 469,  -1.87667e+04 
 470,  -1.87724e+04 
 472,  -1.87821e+04 
 474,  -1.87888e+04 
 475,  -1.87938e+04 
 476,  -1.87986e+04 
 477,  -1.88032e+04 
 478,  -1.88069e+04 
 479,  -1.88109e+04 
 480,  -1.88119e+04 
 481,  -1.88154e+04 
 483,  -1.88310e+04 
 485,  -1.88387e+04 
 486,  -1.88438e+04 
 487,  -1.88479e+04 
 488,  -1.88528e+04 
 489,  -1.88540e+04 
 490,  -1.88589e+04 
 492,  -1.88712e+04 
 494,  -1.88778e+04 
 495,  -1.88829e+04 
 496,  -1.88873e+04 
 497,  -1.88916e+04 
 498,  -1.88946e+04 
 499,  -1.88980e+04 
 501,  -1.89094e+04 
 502,  -1.89129e+04 
 503,  -1.89268e+04 
 505,  -1.89322e+04 
 506,  -1.89352e+04 
 507,  -1.89414e+04 
 509,  -1.89474e+04 
 510,  -1.89516e+04 
 511,  -1.89590e+04 
 513,  -1.89640e+04 
 514,  -1.89683e+04 
 515,  -1.89734e+04 
 516,  -1.89755e+04 
 517,  -1.89809e+04 
 519,  -1.89879e+04 
 520,  -1.89917e+04 
 521,  -1.90011e+04 
 523,  -1.90060e+04 
 524,  -1.90097e+04 
 525,  -1.90143e+04 
 526,  -1.90164e+04 
 527,  -1.90206e+04 
 529,  -1.90287e+04 
 530,  -1.90313e+04 
 531,  -1.90432e+04 
 533,  -1.90479e+04 
 534,  -1.90511e+04 
 535,  -1.90557e+04 
 536,  -1.90571e+04 
 537,  -1.90613e+04 
 539,  -1.90700e+04 
 541,  -1.90755e+04 
 542,  -1.90793e+04 
 543,  -1.90830e+04 
 544,  -1.90868e+04 
 545,  -1.90889e+04 
 546,  -1.90925e+04 
 548,  -1.91006e+04 
 549,  -1.91024e+04 
 550,  -1.91155e+04 
 552,  -1.91196e+04 
 553,  -1.91227e+04 
 554,  -1.91267e+04 
 555,  -1.91281e+04 
 556,  -1.91323e+04 
 558,  -1.91395e+04 
 560,  -1.91445e+04 
 561,  -1.91483e+04 
 562,  -1.91517e+04 
 563,  -1.91552e+04 
 564,  -1.91576e+04 
 565,  -1.91606e+04 
 566,  -1.91613e+04 
 567,  -1.91631e+04 
 569,  -1.91751e+04 
 571,  -1.91802e+04 
 572,  -1.91836e+04 
 573,  -1.91866e+04 
 574,  -1.91893e+04 
 575,  -1.91901e+04 
 576,  -1.91928e+04 
 578,  -1.92036e+04 
 580,  -1.92086e+04 
 581,  -1.92122e+04 
 582,  -1.92155e+04 
 583,  -1.92184e+04 
 584,  -1.92208e+04 
 585,  -1.92228e+04 
 586,  -1.92234e+04 
 587,  -1.92235e+04 
 589,  -1.92387e+04 
 591,  -1.92441e+04 
 592,  -1.92473e+04 
 593,  -1.92504e+04 
 594,  -1.92523e+04 
 595,  -1.92526e+04 
 596,  -1.92542e+04 
 598,  -1.92685e+04 
 600,  -1.92734e+04 
 601,  -1.92765e+04 
 602,  -1.92802e+04 
 603,  -1.92822e+04 
 604,  -1.92850e+04 
 605,  -1.92857e+04 
 606,  -1.92862e+04 
 608,  -1.93009e+04 
 610,  -1.93062e+04 
 611,  -1.93100e+04 
 612,  -1.93116e+04 
 613,  -1.93160e+04 
 615,  -1.93241e+04 
 616,  -1.93268e+04 
 617,  -1.93360e+04 
 619,  -1.93401e+04 
 620,  -1.93430e+04 
 621,  -1.93468e+04 
 622,  -1.93482e+04 
 623,  -1.93516e+04 
 625,  -1.93591e+04 
 626,  -1.93605e+04 
 627,  -1.93705e+04 
 629,  -1.93745e+04 
 630,  -1.93770e+04 
 631,  -1.93812e+04 
 632,  -1.93815e+04 
 633,  -1.93859e+04 
 635,  -1.93937e+04 
 637,  -1.93981e+04 
 638,  -1.94015e+04 
 639,  -1.94048e+04 
 640,  -1.94080e+04 
 641,  -1.94102e+04 
 642,  -1.94130e+04 
 643,  -1.94131e+04 
 644,  -1.94152e+04 
 646,  -1.94275e+04 
 648,  -1.94322e+04 
 649,  -1.94353e+04 
 650,  -1.94378e+04 
 651,  -1.94409e+04 
 652,  -1.94415e+04 
 653,  -1.94442e+04 
 655,  -1.94551e+04 
 657,  -1.94596e+04 
 658,  -1.94628e+04 
 659,  -1.94659e+04 
 660,  -1.94685e+04 
 661,  -1.94698e+04 
 662,  -1.94720e+04 
 664,  -1.94806e+04 
 666,  -1.94851e+04 
 667,  -1.94881e+04 
 668,  -1.94911e+04 
 669,  -1.94937e+04 
 670,  -1.94955e+04 
 671,  -1.94976e+04 
 673,  -1.95058e+04 
 674,  -1.95073e+04 
 675,  -1.95164e+04 
 677,  -1.95202e+04 
 678,  -1.95220e+04 
 679,  -1.95264e+04 
 681,  -1.95308e+04 
 682,  -1.95338e+04 
 683,  -1.95390e+04 
 685,  -1.95425e+04 
 686,  -1.95457e+04 
 687,  -1.95494e+04 
 688,  -1.95508e+04 
 689,  -1.95549e+04 
 691,  -1.95601e+04 
 692,  -1.95629e+04 
 693,  -1.95692e+04 
 695,  -1.95727e+04 
 696,  -1.95755e+04 
 697,  -1.95791e+04 
 698,  -1.95803e+04 
 699,  -1.95839e+04 
 701,  -1.95898e+04 
 702,  -1.95922e+04 
 703,  -1.95996e+04 
 705,  -1.96032e+04 
 706,  -1.96057e+04 
 707,  -1.96091e+04 
 708,  -1.96101e+04 
 709,  -1.96133e+04 
 711,  -1.96200e+04 
 712,  -1.96214e+04 
 713,  -1.96301e+04 
 715,  -1.96336e+04 
 716,  -1.96359e+04 
 717,  -1.96393e+04 
 718,  -1.96397e+04 
 719,  -1.96430e+04 
 721,  -1.96505e+04 
 723,  -1.96544e+04 
 724,  -1.96575e+04 
 725,  -1.96603e+04 
 726,  -1.96633e+04 
 727,  -1.96649e+04 
 728,  -1.96676e+04 
 730,  -1.96740e+04 
 732,  -1.96783e+04 
 733,  -1.96814e+04 
 734,  -1.96841e+04 
 735,  -1.96872e+04 
 736,  -1.96886e+04 
 737,  -1.96917e+04 
 739,  -1.96974e+04 
 740,  -1.97002e+04 
 741,  -1.97070e+04 
 743,  -1.97101e+04 
 744,  -1.97124e+04 
 745,  -1.97152e+04 
 746,  -1.97162e+04 
 747,  -1.97188e+04 
 749,  -1.97248e+04 
 750,  -1.97261e+04 
 751,  -1.97338e+04 
 753,  -1.97366e+04 
 754,  -1.97385e+04 
 755,  -1.97411e+04 
 756,  -1.97414e+04 
 757,  -1.97439e+04 
 759,  -1.97504e+04 
 761,  -1.97536e+04 
 762,  -1.97561e+04 
 763,  -1.97582e+04 
 764,  -1.97607e+04 
 765,  -1.97616e+04 
 766,  -1.97637e+04 
 768,  -1.97692e+04 
 770,  -1.97724e+04 
 771,  -1.97749e+04 
 772,  -1.97768e+04 
 773,  -1.97792e+04 
 774,  -1.97801e+04 
 775,  -1.97826e+04 
 777,  -1.97874e+04 
 778,  -1.97890e+04 
 779,  -1.97951e+04 
 781,  -1.97975e+04 
 782,  -1.97992e+04 
 783,  -1.98014e+04 
 784,  -1.98020e+04 
 785,  -1.98040e+04 
 787,  -1.98093e+04 
 788,  -1.98100e+04 
 789,  -1.98168e+04 
 791,  -1.98191e+04 
 792,  -1.98206e+04 
 793,  -1.98226e+04 
 794,  -1.98227e+04 
 795,  -1.98247e+04 
 797,  -1.98304e+04 
 799,  -1.98331e+04 
 800,  -1.98353e+04 
 801,  -1.98369e+04 
 802,  -1.98391e+04 
 803,  -1.98397e+04 
 804,  -1.98416e+04 
 806,  -1.98463e+04 
 808,  -1.98490e+04 
 809,  -1.98511e+04 
 810,  -1.98527e+04 
 811,  -1.98548e+04 
 812,  -1.98555e+04 
 813,  -1.98577e+04 
 815,  -1.98619e+04 
 816,  -1.98634e+04 
 817,  -1.98688e+04 
 819,  -1.98709e+04 
 820,  -1.98725e+04 
 821,  -1.98744e+04 
 822,  -1.98751e+04 
 823,  -1.98769e+04 
 825,  -1.98816e+04 
 826,  -1.98826e+04 
 827,  -1.98887e+04 
 829,  -1.98908e+04 
 830,  -1.98923e+04 
 831,  -1.98942e+04 
 832,  -1.98946e+04 
 833,  -1.98963e+04 
 835,  -1.99016e+04 
 836,  -1.99018e+04 
 837,  -1.99088e+04 
 839,  -1.99109e+04 
 840,  -1.99123e+04 
 841,  -1.99142e+04 
 842,  -1.99143e+04 
 843,  -1.99162e+04 
 845,  -1.99220e+04 
 847,  -1.99246e+04 
 848,  -1.99269e+04 
 849,  -1.99285e+04 
 850,  -1.99307e+04 
 851,  -1.99313e+04 
 852,  -1.99332e+04 
 854,  -1.99380e+04 
 856,  -1.99407e+04 
 857,  -1.99428e+04 
 858,  -1.99444e+04 
 859,  -1.99465e+04 
 860,  -1.99472e+04 
 861,  -1.99495e+04 
 863,  -1.99538e+04 
 864,  -1.99552e+04 
 865,  -1.99609e+04 
 867,  -1.99630e+04 
 868,  -1.99647e+04 
 869,  -1.99665e+04 
 870,  -1.99673e+04 
 871,  -1.99691e+04 
 873,  -1.99739e+04 
 874,  -1.99752e+04 
 875,  -1.99816e+04 
 877,  -1.99838e+04 
 878,  -1.99855e+04 
 879,  -1.99873e+04 
 880,  -1.99879e+04 
 881,  -1.99896e+04 
 883,  -1.99950e+04 
 884,  -1.99956e+04 
 885,  -2.00029e+04 
 887,  -2.00052e+04 
 888,  -2.00068e+04 
 889,  -2.00086e+04 
 890,  -2.00090e+04 
 891,  -2.00107e+04 
 893,  -2.00168e+04 
 895,  -2.00197e+04 
 896,  -2.00221e+04 
 897,  -2.00239e+04 
 898,  -2.00264e+04 
 899,  -2.00270e+04 
 900,  -2.00293e+04 
 902,  -2.00341e+04 
 904,  -2.00370e+04 
 905,  -2.00392e+04 
 906,  -2.00411e+04 
 907,  -2.00434e+04 
 908,  -2.00444e+04 
 909,  -2.00469e+04 
 911,  -2.00514e+04 
 912,  -2.00534e+04 
 913,  -2.00594e+04 
 915,  -2.00619e+04 
 916,  -2.00639e+04 
 917,  -2.00661e+04 
 918,  -2.00671e+04 
 919,  -2.00694e+04 
 921,  -2.00743e+04 
 922,  -2.00761e+04 
 923,  -2.00826e+04 
 925,  -2.00852e+04 
 926,  -2.00871e+04 
 927,  -2.00893e+04 
 928,  -2.00900e+04 
 929,  -2.00924e+04 
 931,  -2.00978e+04 
 932,  -2.00985e+04 
 933,  -2.01059e+04 
 935,  -2.01085e+04 
 936,  -2.01103e+04 
 937,  -2.01126e+04 
 938,  -2.01128e+04 
 939,  -2.01156e+04 
 941,  -2.01214e+04 
 943,  -2.01243e+04 
 944,  -2.01269e+04 
 945,  -2.01289e+04 
 946,  -2.01314e+04 
 947,  -2.01326e+04 
 948,  -2.01343e+04 
 949,  -2.01348e+04 
 951,  -2.01427e+04 
 952,  -2.01442e+04 
 953,  -2.01524e+04 
 955,  -2.01554e+04 
 956,  -2.01561e+04 
 957,  -2.01601e+04 
 959,  -2.01637e+04 
 960,  -2.01650e+04 
 961,  -2.01691e+04 
 963,  -2.01721e+04 
 964,  -2.01742e+04 
 965,  -2.01779e+04 
 967,  -2.01807e+04 
 968,  -2.01831e+04 
 969,  -2.01862e+04 
 970,  -2.01875e+04 
 971,  -2.01904e+04 
 972,  -2.01906e+04 
 973,  -2.01926e+04 
 975,  -2.01995e+04 
 977,  -2.02028e+04 
 978,  -2.02050e+04 
 979,  -2.02070e+04 
 980,  -2.02094e+04 
 981,  -2.02099e+04 
 982,  -2.02127e+04 
 984,  -2.02186e+04 
 986,  -2.02217e+04 
 987,  -2.02243e+04 
 988,  -2.02264e+04 
 989,  -2.02290e+04 
 990,  -2.02302e+04 
 991,  -2.02321e+04 
 992,  -2.02325e+04 
 994,  -2.02399e+04 
 995,  -2.02424e+04 
 996,  -2.02494e+04 
 998,  -2.02524e+04 
 999,  -2.02530e+04 
1000,  -2.02573e+04 
